[gd_scene load_steps=11 format=3 uid="uid://cr3j3n8trqx6q"]

[ext_resource type="PackedScene" uid="uid://cjetshiigx0w1" path="res://live_objects/player.tscn" id="1_3jaa4"]
[ext_resource type="PackedScene" uid="uid://bgndrlre6dpxi" path="res://objects/wall.tscn" id="1_suyvr"]
[ext_resource type="PackedScene" uid="uid://mbww48rxcclk" path="res://live_objects/monster_001.tscn" id="2_raqnt"]

[sub_resource type="ProceduralSkyMaterial" id="ProceduralSkyMaterial_l1noj"]
sky_horizon_color = Color(0.64625, 0.65575, 0.67075, 1)
ground_horizon_color = Color(0.64625, 0.65575, 0.67075, 1)

[sub_resource type="Sky" id="Sky_kwi4t"]
sky_material = SubResource("ProceduralSkyMaterial_l1noj")

[sub_resource type="Environment" id="Environment_aqqr1"]
background_mode = 2
sky = SubResource("Sky_kwi4t")
tonemap_mode = 2
glow_enabled = true

[sub_resource type="NavigationMesh" id="NavigationMesh_djbb5"]
vertices = PackedVector3Array(-15.75, 2, -23, -14.25, 2, -24, -14.25, 2, -39, -39, 2, -39, -39, 2, -21.75, -15.75, 2, -22.25, -12.75, 2, -23, -10.75, 2, -20, -2.75, 2, -25, -2.75, 2, -39, -1.5, 2, -23, 0.75, 2, -18.25, 1.5, 2, -18.25, -1.5, 2, -24, 9.25, 2, -12.5, 18.75, 2, -12.5, 18.75, 2, -39, 25.75, 2, -3, 24.25, 2, -2, 24, 2, 0, 31, 2, 0.5, 25.5, 2, -4.25, 39, 2, 1.75, 39, 2, -39, 31.75, 2, 1.75, -2.25, 2, -22, -0.5, 2, -17, -0.25, 2, -16, -9.25, 2, -18, -7.75, 2, -15.25, -17, 2, -17.75, -15.5, 2, -17.25, -13.25, 2, -18.5, -22.25, 2, -7.5, -17.75, 2, -17, -39, 2, -7.5, -9, 2, -12, -9, 2, -13, -10.5, 2, -14, -15, 2, -15.75, -17, 2, -12, -7.5, 2, -11.25, -7.5, 2, -14, -8.25, 2, -9.25, -10.25, 2, -9.25, -10.5, 2, -5.5, -5.5, 2, -5.25, -7.5, 2, -10, 1.5, 2, -14.5, 2.75, 2, 1, 3.75, 2, 2.25, 4, 2, 2.25, 8.5, 2, -9.75, -4.5, 2, -4.5, -4.5, 2, -3.25, 15.75, 2, 1, 19.75, 2, -7.25, 17.75, 2, -9.5, 15.75, 2, 2, -20.25, 2, -6.25, -20.25, 2, -6, -19, 2, -6, -17, 2, -3, -16.5, 2, -3.5, -16.75, 2, -5, -18.5, 2, -9.25, -16, 2, -5.75, -21.5, 2, -6.5, -21.25, 2, -4.25, -39, 2, 12.25, -18, 2, 12.25, -16.5, 2, 10.75, -16.5, 2, 4.25, 20.5, 2, -0.25, 21.5, 2, -4.25, 17.5, 2, 3, 19, 2, 10, 19.75, 2, 9, 19.5, 2, 0.75, 18.5, 2, 2.25, 19.5, 2, 1.75, 20.25, 2, 2.5, 22.5, 2, 2.5, 22.25, 2, 9, -14, 2, -2.75, -14.75, 2, 1.25, -6.5, 2, -1.25, -7.25, 2, -2.5, -6, 2, 5.5, -5, 2, 6.75, -1.25, 2, 2, 31.75, 2, 2.5, 30.75, 2, 3.25, 30.75, 2, 9.25, 31.25, 2, 10.5, 39, 2, 10.5, -9, 2, 7.25, -9.5, 2, 8.25, -8.5, 2, 9.25, -7, 2, 8.5, 1.25, 2, 3.75, -8.5, 2, 10.25, -7.25, 2, 14, -6.25, 2, 15, -6, 2, 8.5, -6.25, 2, 16, -10, 2, 13, 2.75, 2, 4, 2, 2, 16.25, 3, 2, 15.5, 3.75, 2, 3.25, 4.75, 2, 16.25, 5, 2, 18.5, 12, 2, 17.5, 16.5, 2, 3, 4, 2, 15.5, -10.5, 2, 8.25, -13.75, 2, 4.75, -15.5, 2, 5.25, -11.5, 2, 9.25, -12.75, 2, 12, 5.25, 2, 27.75, 4, 2, 27.75, 3.5, 2, 28.5, 6.5, 2, 30.75, 20.75, 2, 11.75, 16, 2, 23, 16, 2, 24.25, 30.5, 2, 11.75, 6, 2, 27, 13.75, 2, 18.75, 13.75, 2, 22.25, 15.25, 2, 22.25, 5.75, 2, 25, 15.25, 2, 25, 6.5, 2, 32, 5.25, 2, 32.75, 5.25, 2, 39, 39, 2, 39, -16, 2, 18.25, -14.25, 2, 14.5, -17.25, 2, 13.5, -39, 2, 18.25, -2.5, 2, 29.75, -1.5, 2, 28.5, -4.25, 2, 26.5, -5.25, 2, 32.25, -13, 2, 18.5, -14.25, 2, 19.5, -12.75, 2, 25.75, -4.25, 2, 25.75, -7.25, 2, 17, -11.5, 2, 15.5, -14, 2, 26, 3, 2, 26.5, -2.25, 2, 24.5, -3.25, 2, 24.5, 13, 2, 18.75, 5.5, 2, 22.25, -15, 2, 19.5, -14.75, 2, 26.75, -10, 2, 38, -6.75, 2, 34.25, -14.75, 2, 27.75, -10, 2, 39, -39, 2, 39, -1, 2, 31, 4.5, 2, 32.75, -1, 2, 31.75, -7, 2, 39)
polygons = [PackedInt32Array(1, 0, 2), PackedInt32Array(2, 0, 3), PackedInt32Array(3, 0, 4), PackedInt32Array(0, 5, 4), PackedInt32Array(8, 7, 6), PackedInt32Array(6, 1, 8), PackedInt32Array(8, 1, 9), PackedInt32Array(9, 1, 2), PackedInt32Array(11, 10, 12), PackedInt32Array(12, 10, 13), PackedInt32Array(12, 13, 14), PackedInt32Array(14, 13, 15), PackedInt32Array(15, 13, 9), PackedInt32Array(15, 9, 16), PackedInt32Array(13, 8, 9), PackedInt32Array(18, 17, 19), PackedInt32Array(19, 17, 20), PackedInt32Array(20, 21, 22), PackedInt32Array(22, 21, 15), PackedInt32Array(22, 15, 16), PackedInt32Array(22, 16, 23), PackedInt32Array(20, 17, 21), PackedInt32Array(22, 24, 20), PackedInt32Array(10, 11, 25), PackedInt32Array(25, 11, 26), PackedInt32Array(26, 27, 25), PackedInt32Array(25, 27, 29), PackedInt32Array(25, 29, 28), PackedInt32Array(31, 30, 32), PackedInt32Array(32, 30, 5), PackedInt32Array(34, 33, 5), PackedInt32Array(5, 33, 35), PackedInt32Array(5, 35, 4), PackedInt32Array(34, 5, 30), PackedInt32Array(37, 36, 38), PackedInt32Array(38, 36, 39), PackedInt32Array(39, 36, 40), PackedInt32Array(31, 32, 39), PackedInt32Array(39, 32, 38), PackedInt32Array(36, 37, 41), PackedInt32Array(41, 37, 42), PackedInt32Array(42, 29, 27), PackedInt32Array(45, 44, 43), PackedInt32Array(43, 47, 45), PackedInt32Array(45, 47, 46), PackedInt32Array(41, 42, 46), PackedInt32Array(46, 42, 27), PackedInt32Array(46, 27, 48), PackedInt32Array(46, 47, 41), PackedInt32Array(50, 49, 51), PackedInt32Array(51, 49, 52), PackedInt32Array(54, 53, 49), PackedInt32Array(49, 53, 52), PackedInt32Array(52, 53, 48), PackedInt32Array(53, 46, 48), PackedInt32Array(56, 55, 57), PackedInt32Array(57, 55, 52), PackedInt32Array(52, 55, 51), PackedInt32Array(55, 58, 51), PackedInt32Array(61, 60, 59), PackedInt32Array(63, 62, 64), PackedInt32Array(64, 62, 61), PackedInt32Array(59, 65, 61), PackedInt32Array(61, 65, 66), PackedInt32Array(66, 65, 45), PackedInt32Array(45, 65, 44), PackedInt32Array(66, 64, 61), PackedInt32Array(59, 60, 67), PackedInt32Array(67, 60, 68), PackedInt32Array(33, 68, 35), PackedInt32Array(35, 68, 69), PackedInt32Array(69, 68, 70), PackedInt32Array(33, 67, 68), PackedInt32Array(71, 70, 72), PackedInt32Array(72, 70, 68), PackedInt32Array(19, 73, 18), PackedInt32Array(18, 73, 74), PackedInt32Array(77, 76, 75), PackedInt32Array(74, 73, 78), PackedInt32Array(74, 78, 79), PackedInt32Array(80, 79, 78), PackedInt32Array(80, 81, 79), PackedInt32Array(79, 81, 75), PackedInt32Array(81, 82, 75), PackedInt32Array(75, 82, 77), PackedInt32Array(77, 82, 83), PackedInt32Array(63, 84, 62), PackedInt32Array(62, 84, 85), PackedInt32Array(87, 86, 84), PackedInt32Array(84, 86, 85), PackedInt32Array(85, 86, 88), PackedInt32Array(89, 88, 90), PackedInt32Array(90, 88, 86), PackedInt32Array(92, 91, 93), PackedInt32Array(93, 91, 94), PackedInt32Array(94, 91, 95), PackedInt32Array(95, 91, 22), PackedInt32Array(91, 24, 22), PackedInt32Array(97, 96, 98), PackedInt32Array(98, 96, 99), PackedInt32Array(89, 90, 100), PackedInt32Array(98, 99, 101), PackedInt32Array(101, 99, 104), PackedInt32Array(101, 104, 102), PackedInt32Array(102, 104, 103), PackedInt32Array(105, 103, 104), PackedInt32Array(102, 106, 101), PackedInt32Array(89, 100, 107), PackedInt32Array(108, 105, 109), PackedInt32Array(109, 105, 104), PackedInt32Array(109, 104, 89), PackedInt32Array(109, 89, 107), PackedInt32Array(110, 50, 51), PackedInt32Array(113, 112, 111), PackedInt32Array(114, 75, 76), PackedInt32Array(113, 111, 115), PackedInt32Array(58, 114, 76), PackedInt32Array(115, 109, 107), PackedInt32Array(110, 51, 58), PackedInt32Array(107, 110, 115), PackedInt32Array(115, 110, 113), PackedInt32Array(113, 110, 76), PackedInt32Array(76, 110, 58), PackedInt32Array(93, 83, 92), PackedInt32Array(92, 83, 82), PackedInt32Array(97, 116, 96), PackedInt32Array(96, 116, 117), PackedInt32Array(71, 72, 118), PackedInt32Array(117, 116, 119), PackedInt32Array(120, 71, 119), PackedInt32Array(119, 71, 118), PackedInt32Array(119, 118, 117), PackedInt32Array(122, 121, 123), PackedInt32Array(123, 121, 124), PackedInt32Array(126, 125, 127), PackedInt32Array(127, 125, 128), PackedInt32Array(124, 121, 129), PackedInt32Array(132, 131, 130), PackedInt32Array(132, 130, 126), PackedInt32Array(126, 130, 125), PackedInt32Array(129, 133, 124), PackedInt32Array(124, 133, 134), PackedInt32Array(137, 136, 135), PackedInt32Array(95, 128, 94), PackedInt32Array(134, 127, 137), PackedInt32Array(137, 127, 128), PackedInt32Array(137, 128, 95), PackedInt32Array(137, 95, 138), PackedInt32Array(135, 124, 134), PackedInt32Array(137, 135, 134), PackedInt32Array(141, 140, 139), PackedInt32Array(141, 139, 70), PackedInt32Array(70, 139, 69), PackedInt32Array(69, 139, 142), PackedInt32Array(144, 143, 145), PackedInt32Array(145, 143, 146), PackedInt32Array(147, 151, 148), PackedInt32Array(148, 151, 149), PackedInt32Array(149, 151, 150), PackedInt32Array(149, 150, 146), PackedInt32Array(147, 152, 151), PackedInt32Array(149, 153, 148), PackedInt32Array(150, 145, 146), PackedInt32Array(122, 123, 154), PackedInt32Array(154, 123, 155), PackedInt32Array(105, 108, 151), PackedInt32Array(151, 108, 155), PackedInt32Array(155, 108, 154), PackedInt32Array(156, 150, 151), PackedInt32Array(155, 156, 151), PackedInt32Array(157, 130, 131), PackedInt32Array(157, 131, 113), PackedInt32Array(113, 131, 158), PackedInt32Array(113, 158, 112), PackedInt32Array(148, 153, 159), PackedInt32Array(159, 153, 160), PackedInt32Array(162, 161, 163), PackedInt32Array(160, 163, 159), PackedInt32Array(159, 163, 139), PackedInt32Array(139, 163, 142), PackedInt32Array(161, 164, 163), PackedInt32Array(163, 164, 165), PackedInt32Array(163, 165, 142), PackedInt32Array(143, 144, 166), PackedInt32Array(166, 144, 167), PackedInt32Array(167, 137, 168), PackedInt32Array(168, 137, 169), PackedInt32Array(168, 166, 167), PackedInt32Array(167, 136, 137)]
agent_height = 2.0
agent_radius = 1.0
edge_max_error = 1.5

[sub_resource type="StandardMaterial3D" id="StandardMaterial3D_b06my"]
albedo_color = Color(0.206329, 0.471355, 0.241083, 1)

[sub_resource type="PlaneMesh" id="PlaneMesh_64g83"]
material = SubResource("StandardMaterial3D_b06my")

[sub_resource type="ConvexPolygonShape3D" id="ConvexPolygonShape3D_hte5s"]
points = PackedVector3Array(1.01587, 0.015873, 1.01587, -1.01587, -0.015873, -1.01587, -1.01587, 0.015873, -1.01587, 1.01587, -0.015873, -1.01587, -1.01587, -0.015873, 1.01587, -1.01587, 0.015873, 1.01587, 1.01587, 0.015873, -1.01587, 1.01587, -0.015873, 1.01587)

[node name="Area1" type="Node3D"]

[node name="WorldEnvironment" type="WorldEnvironment" parent="."]
environment = SubResource("Environment_aqqr1")

[node name="DirectionalLight3D" type="DirectionalLight3D" parent="."]
transform = Transform3D(-0.836516, -0.482963, -0.258819, -0.224144, -0.12941, 0.965926, -0.5, 0.866025, 3.78552e-08, 0, 0, 0)
shadow_enabled = true

[node name="Objects" type="Node3D" parent="."]

[node name="Player" parent="Objects" instance=ExtResource("1_3jaa4")]
transform = Transform3D(1, 0, 0, 0, 1, 0, 0, 0, 1, 0.0927267, 1.77011, 7.25401)

[node name="Monster001" parent="Objects" instance=ExtResource("2_raqnt")]
transform = Transform3D(0.169556, 0, -0.985521, 0, 1, 0, 0.985521, 0, 0.169556, 11, 1.57239, 5)

[node name="NavigationRegion3D" type="NavigationRegion3D" parent="."]
navigation_mesh = SubResource("NavigationMesh_djbb5")

[node name="Map" type="Node3D" parent="NavigationRegion3D"]

[node name="Ground" type="StaticBody3D" parent="NavigationRegion3D/Map"]

[node name="GroundMesh" type="MeshInstance3D" parent="NavigationRegion3D/Map/Ground"]
transform = Transform3D(40, 0, 0, 0, 40, 0, 0, 0, 40, 0, 1.5, 0)
mesh = SubResource("PlaneMesh_64g83")
skeleton = NodePath("../../../..")

[node name="CollisionShape3D" type="CollisionShape3D" parent="NavigationRegion3D/Map/Ground"]
transform = Transform3D(50, 0, 0, 0, 50, 0, 0, 0, 50, 0, 1, 0)
shape = SubResource("ConvexPolygonShape3D_hte5s")

[node name="Wall" parent="NavigationRegion3D/Map" instance=ExtResource("1_suyvr")]
transform = Transform3D(0.842471, 0, -0.538741, 0, 1, 0, 0.538741, 0, 0.842471, -1.68364, 2.5873, 0.0240331)

[node name="Wall2" parent="NavigationRegion3D/Map" instance=ExtResource("1_suyvr")]
transform = Transform3D(0.475286, 0, 0.879831, 0, 1, 0, -0.879831, 0, 0.475286, -12.2042, 2.5873, 13.8582)

[node name="Wall3" parent="NavigationRegion3D/Map" instance=ExtResource("1_suyvr")]
transform = Transform3D(0.999134, 0, -0.0416141, 0, 1, 0, 0.0416141, 0, 0.999134, 13.7051, 2.5873, -10.9344)

[node name="Wall4" parent="NavigationRegion3D/Map" instance=ExtResource("1_suyvr")]
transform = Transform3D(0.8182, 0, -0.574934, 0, 1, 0, 0.574934, 0, 0.8182, 4.92534, 2.5873, -13.9554)

[node name="Wall5" parent="NavigationRegion3D/Map" instance=ExtResource("1_suyvr")]
transform = Transform3D(-0.704424, 0, -0.70978, 0, 1, 0, 0.70978, 0, -0.704424, 16.9299, 2.5873, 13.96)

[node name="Wall6" parent="NavigationRegion3D/Map" instance=ExtResource("1_suyvr")]
transform = Transform3D(1, 0, 0, 0, 1, 0, 0, 0, 1, 9.84116, 2.5873, 23.5869)

[node name="Wall9" parent="NavigationRegion3D/Map" instance=ExtResource("1_suyvr")]
transform = Transform3D(0.774039, 0, -0.633138, 0, 1, 0, 0.633138, 0, 0.774039, -9.61939, 2.5873, 30.2264)

[node name="Wall8" parent="NavigationRegion3D/Map" instance=ExtResource("1_suyvr")]
transform = Transform3D(0.633988, 0, 0.773342, 0, 1, 0, -0.773342, 0, 0.633988, -5.57853, 2.5873, 34.9978)

[node name="Wall7" parent="NavigationRegion3D/Map" instance=ExtResource("1_suyvr")]
transform = Transform3D(0.822372, 0, -0.568949, 0, 1, 0, 0.568949, 0, 0.822372, 1.18436, 2.5873, 28.6147)

[node name="Wall10" parent="NavigationRegion3D/Map" instance=ExtResource("1_suyvr")]
transform = Transform3D(0.847789, 0, 0.530334, 0, 1, 0, -0.530334, 0, 0.847789, -6.88778, 2.5873, -20.9344)

[node name="Wall11" parent="NavigationRegion3D/Map" instance=ExtResource("1_suyvr")]
transform = Transform3D(0.998215, 0, -0.0597245, 0, 1, 0, 0.0597245, 0, 0.998215, -10.7105, 2.5873, -4.07742)

[node name="Wall12" parent="NavigationRegion3D/Map" instance=ExtResource("1_suyvr")]
transform = Transform3D(1, 0, 0, 0, 1, 0, 0, 0, 1, -13.6227, 2.5873, -10.5356)

[node name="Wall13" parent="NavigationRegion3D/Map" instance=ExtResource("1_suyvr")]
transform = Transform3D(0.550772, 0, -0.834656, 0, 1, 0, 0.834656, 0, 0.550772, -11.5976, 2.5873, -18.5101)

[node name="Wall14" parent="NavigationRegion3D/Map" instance=ExtResource("1_suyvr")]
transform = Transform3D(0.446698, 0, 0.894685, 0, 1, 0, -0.894685, 0, 0.446698, -18.5865, 2.5873, -12.0116)

[node name="Wall15" parent="NavigationRegion3D/Map" instance=ExtResource("1_suyvr")]
transform = Transform3D(0.891284, 0, -0.453446, 0, 1, 0, 0.453446, 0, 0.891284, -10.6818, 2.5873, 4.8496)

[node name="Wall16" parent="NavigationRegion3D/Map" instance=ExtResource("1_suyvr")]
transform = Transform3D(0.601648, 0, -0.798762, 0, 1, 0, 0.798762, 0, 0.601648, 21.3074, 2.5873, -7.31719)

[node name="Wall17" parent="NavigationRegion3D/Map" instance=ExtResource("1_suyvr")]
transform = Transform3D(0.491618, 0, -0.870811, 0, 1, 0, 0.870811, 0, 0.491618, -17.3387, 2.5873, -0.415074)

[node name="Wall18" parent="NavigationRegion3D/Map" instance=ExtResource("1_suyvr")]
transform = Transform3D(0.933067, 0, -0.359704, 0, 1, 0, 0.359704, 0, 0.933067, -12.0462, 2.5873, 13.8088)

[node name="Wall19" parent="NavigationRegion3D/Map" instance=ExtResource("1_suyvr")]
transform = Transform3D(0.124883, 0, -0.992171, 0, 1, 0, 0.992171, 0, 0.124883, 3.93155, 2.5873, 21.5822)

[node name="Wall20" parent="NavigationRegion3D/Map" instance=ExtResource("1_suyvr")]
transform = Transform3D(1, 0, 0, 0, 1, 0, 0, 0, 1, 25.1081, 2.5873, 10.3976)

[node name="Wall21" parent="NavigationRegion3D/Map" instance=ExtResource("1_suyvr")]
transform = Transform3D(0.445948, 0, 0.895059, 0, 1, 0, -0.895059, 0, 0.445948, 19.2091, 2.5873, -2.60534)

[node name="Wall22" parent="NavigationRegion3D/Map" instance=ExtResource("1_suyvr")]
transform = Transform3D(0.99571, 0, -0.092527, 0, 1, 0, 0.092527, 0, 0.99571, 25.743, 2.5873, 1.49978)

[node name="Monster001" parent="." instance=ExtResource("2_raqnt")]
transform = Transform3D(1, 0, 0, 0, 1, 0, 0, 0, 1, 8, 2, 8)

[node name="Monster002" parent="." instance=ExtResource("2_raqnt")]
transform = Transform3D(1, 0, 0, 0, 1, 0, 0, 0, 1, 7, 2, 3)

[node name="Monster003" parent="." instance=ExtResource("2_raqnt")]
transform = Transform3D(1, 0, 0, 0, 1, 0, 0, 0, 1, 10, 2, 0)

[node name="Monster004" parent="." instance=ExtResource("2_raqnt")]
transform = Transform3D(1, 0, 0, 0, 1, 0, 0, 0, 1, 6, 2, 7)

[node name="Monster005" parent="." instance=ExtResource("2_raqnt")]
transform = Transform3D(1, 0, 0, 0, 1, 0, 0, 0, 1, 12, 2, 10)

[node name="Monster006" parent="." instance=ExtResource("2_raqnt")]
transform = Transform3D(1, 0, 0, 0, 1, 0, 0, 0, 1, 7, 2, -1)

[node name="Monster007" parent="." instance=ExtResource("2_raqnt")]
transform = Transform3D(1, 0, 0, 0, 1, 0, 0, 0, 1, 10, 2, 12)

[node name="Monster008" parent="." instance=ExtResource("2_raqnt")]
transform = Transform3D(1, 0, 0, 0, 1, 0, 0, 0, 1, 13, 2, 7)

[node name="Monster009" parent="." instance=ExtResource("2_raqnt")]
transform = Transform3D(1, 0, 0, 0, 1, 0, 0, 0, 1, 7, 2, 11)

[node name="Monster010" parent="." instance=ExtResource("2_raqnt")]
transform = Transform3D(1, 0, 0, 0, 1, 0, 0, 0, 1, 13, 2, 1)

[node name="Monster011" parent="." instance=ExtResource("2_raqnt")]
transform = Transform3D(1, 0, 0, 0, 1, 0, 0, 0, 1, 12, 2, -5)

[node name="Monster012" parent="." instance=ExtResource("2_raqnt")]
transform = Transform3D(1, 0, 0, 0, 1, 0, 0, 0, 1, 8, 2, -5)
