[gd_scene load_steps=12 format=3 uid="uid://mbww48rxcclk"]

[ext_resource type="Script" path="res://scripts/monster/Monster001.gd" id="1_mhj5u"]
[ext_resource type="Script" path="res://scripts/StateMachine.gd" id="1_wyxoa"]
[ext_resource type="Script" path="res://scripts/Vision.gd" id="2_0eawg"]
[ext_resource type="Script" path="res://scripts/monster/MonsterIdleBasic.gd" id="2_hn7mp"]
[ext_resource type="Script" path="res://scripts/LineOfSight.gd" id="3_3m0er"]
[ext_resource type="Script" path="res://scripts/monster/MonsterChase.gd" id="5_y6wxj"]

[sub_resource type="StandardMaterial3D" id="StandardMaterial3D_mx3vp"]
albedo_color = Color(0.877378, 0, 0, 1)

[sub_resource type="BoxMesh" id="BoxMesh_2the3"]
material = SubResource("StandardMaterial3D_mx3vp")

[sub_resource type="StandardMaterial3D" id="StandardMaterial3D_ne8ed"]
albedo_color = Color(0.878431, 0.584314, 0, 1)

[sub_resource type="BoxMesh" id="BoxMesh_nivx0"]
material = SubResource("StandardMaterial3D_ne8ed")

[sub_resource type="ConvexPolygonShape3D" id="ConvexPolygonShape3D_18xg8"]
points = PackedVector3Array(-0.499921, -0.985089, -0.5, 0.499978, 0.954305, 0.5, 0.5, 0.954347, -0.484149, -0.499921, 0.985089, -0.5, -0.484049, -0.954305, 0.5, 0.5, -0.954347, -0.484149, -0.484049, 0.954305, 0.5, 0.499978, -0.954305, 0.5)

[node name="Monster001" type="Node3D"]
transform = Transform3D(1, 0, 0, 0, 1, 0, 0, 0, 1, 0, 1, 0)

[node name="PhysicsBody" type="CharacterBody3D" parent="."]
script = ExtResource("1_mhj5u")
movement_speed = 1.0

[node name="MeshInstance3D" type="MeshInstance3D" parent="PhysicsBody"]
transform = Transform3D(1, 0, 0, 0, 2, 0, 0, 0, 1, 0, 0, 0)
mesh = SubResource("BoxMesh_2the3")

[node name="MeshInstance3D2" type="MeshInstance3D" parent="PhysicsBody"]
transform = Transform3D(0.5, 0, 0, 0, 0.5, 0, 0, 0, 0.5, 0, 0, -0.5)
mesh = SubResource("BoxMesh_nivx0")
skeleton = NodePath("../MeshInstance3D")

[node name="CollisionShape3D" type="CollisionShape3D" parent="PhysicsBody"]
shape = SubResource("ConvexPolygonShape3D_18xg8")

[node name="Vision" type="Node3D" parent="PhysicsBody"]
transform = Transform3D(1, 0, 0, 0, 1, 0, 0, 0, 1, 0, 0, -0.777418)
script = ExtResource("2_0eawg")
view_distance = 20.0

[node name="RayCast3D" type="RayCast3D" parent="PhysicsBody/Vision"]
process_physics_priority = 1
target_position = Vector3(0, 0, 0)
debug_shape_custom_color = Color(0.992157, 0, 0, 1)
debug_shape_thickness = 5

[node name="RayCast3D2" type="RayCast3D" parent="PhysicsBody/Vision"]
process_physics_priority = 1
transform = Transform3D(0.996195, 0, 0.0871557, 0, 1, 0, -0.0871557, 0, 0.996195, 0, 0, 0)
target_position = Vector3(0, 0, 0)
debug_shape_custom_color = Color(0.992157, 0, 0, 1)
debug_shape_thickness = 5

[node name="RayCast3D5" type="RayCast3D" parent="PhysicsBody/Vision"]
process_physics_priority = 1
transform = Transform3D(0.996195, 0, -0.0871557, 0, 1, 0, 0.0871557, 0, 0.996195, 0, 0, 0)
target_position = Vector3(0, 0, 0)
debug_shape_custom_color = Color(0.992157, 0, 0, 1)
debug_shape_thickness = 5

[node name="RayCast3D3" type="RayCast3D" parent="PhysicsBody/Vision"]
process_physics_priority = 1
transform = Transform3D(0.984808, 0, 0.173648, 0, 1, 0, -0.173648, 0, 0.984808, 0, 0, 0)
target_position = Vector3(0, 0, 0)
debug_shape_custom_color = Color(0.992157, 0, 0, 1)
debug_shape_thickness = 5

[node name="RayCast3D6" type="RayCast3D" parent="PhysicsBody/Vision"]
process_physics_priority = 1
transform = Transform3D(0.984808, 0, -0.173648, 0, 1, 0, 0.173648, 0, 0.984808, 0, 0, 0)
target_position = Vector3(0, 0, 0)
debug_shape_custom_color = Color(0.992157, 0, 0, 1)
debug_shape_thickness = 5

[node name="RayCast3D4" type="RayCast3D" parent="PhysicsBody/Vision"]
process_physics_priority = 1
transform = Transform3D(0.965926, 0, 0.258819, 0, 1, 0, -0.258819, 0, 0.965926, 0, 0, 0)
target_position = Vector3(0, 0, 0)
debug_shape_custom_color = Color(0.992157, 0, 0, 1)
debug_shape_thickness = 5

[node name="RayCast3D7" type="RayCast3D" parent="PhysicsBody/Vision"]
process_physics_priority = 1
transform = Transform3D(0.965926, 0, -0.258819, 0, 1, 0, 0.258819, 0, 0.965926, 0, 0, 0)
target_position = Vector3(0, 0, 0)
debug_shape_custom_color = Color(0.992157, 0, 0, 1)
debug_shape_thickness = 5

[node name="LineOfSight" type="Node3D" parent="PhysicsBody"]
transform = Transform3D(1, 0, 0, 0, 1, 0, 0, 0, 1, 0, 0, -0.777418)
script = ExtResource("3_3m0er")

[node name="RayCast3D" type="RayCast3D" parent="PhysicsBody/LineOfSight"]
process_physics_priority = 1
target_position = Vector3(0, 0, 0)
debug_shape_custom_color = Color(0.992157, 0, 0, 1)
debug_shape_thickness = 5

[node name="StateMachine" type="Node" parent="." node_paths=PackedStringArray("control_body", "initial_state")]
script = ExtResource("1_wyxoa")
control_body = NodePath("../PhysicsBody")
initial_state = NodePath("MonsterIdleBasic")

[node name="MonsterIdleBasic" type="Node" parent="StateMachine" node_paths=PackedStringArray("vision")]
script = ExtResource("2_hn7mp")
vision = NodePath("../../PhysicsBody/Vision")

[node name="MonsterChase" type="Node" parent="StateMachine"]
script = ExtResource("5_y6wxj")

[node name="VisibleOnScreenNotifier3D" type="VisibleOnScreenNotifier3D" parent="."]

[connection signal="screen_entered" from="VisibleOnScreenNotifier3D" to="PhysicsBody/Vision" method="_on_visible_on_screen_notifier_3d_screen_entered"]
[connection signal="screen_exited" from="VisibleOnScreenNotifier3D" to="PhysicsBody/Vision" method="_on_visible_on_screen_notifier_3d_screen_exited"]
